10
25 36
23 19 30 22 2 21 1 32 13 5 31 16 28 34 14 9 1 25 1 14 5 31 22 10 26
19 29 25 8 6 10 15 1 28 11 3 1 2 21 6 18 17 4 1 35 28 27 1 15 17
17 89
74 48 11 8 62 76 31 79 12 80 58 54 23 66 26 58 31
3 22 58 27 41 10 30 17 54 72 69 50 72 11 66 24 12
26 32
25 14 13 3 6 4 19 8 14 17 8 7 1 13 8 15 18 21 7 26 4 1 4 25 1 30
14 24 9 18 1 14 16 24 16 19 30 24 21 25 23 7 4 14 2 15 20 2 16 14 1 11
42 30
1 1 15 8 16 6 3 18 20 9 19 3 26 23 28 19 2 13 14 25 25 10 15 20 6 18 12 1 23 15 17 21 9 16 9 2 20 21 26 17 18 8
24 7 19 24 24 6 13 12 18 19 3 7 4 14 7 1 4 25 1 17 17 21 7 11 14 20 9 27 12 10 12 1 29 1 1 11 1 12 3 8 10 1
39 30
6 22 2 13 30 28 4 14 12 12 17 12 12 25 26 21 21 24 4 10 9 12 18 2 6 2 8 28 4 1 22 15 30 8 2 1 4 16 24
8 12 15 26 8 15 14 25 33 13 23 28 29 8 12 31 13 33 0 6 27 14 8 34 26 27 23 28 22 25 13 22 34 30 35 25 28 28 27
11 25
8 21 5 12 11 2 11 6 14 14 2
20 13 5 18 21 21 9 1 10 2 4
45 32
26 32 12 25 14 28 24 23 12 24 23 14 21 9 27 29 27 3 10 24 31 27 16 27 6 15 22 6 20 30 6 7 7 27 21 12 12 25 11 2 4 24 7 3 3
13 34 8 27 20 33 9 22 30 37 11 11 8 26 30 9 17 12 11 16 9 13 11 12 28 28 25 30 5 31 16 31 22 10 37 18 14 6 12 36 9 26 33 23 33
43 26
13 6 6 4 3 4 12 1 4 1 24 12 5 17 12 6 13 12 17 6 5 9 15 1 24 1 17 24 8 1 12 21 6 20 8 21 23 1 2 5 13 14 2
22 19 2 2 11 18 9 22 17 12 1 14 16 17 8 6 15 1 9 8 14 19 22 2 11 7 23 4 8 13 1 4 23 11 20 1 1 20 13 9 11 3 17
2 31
25 2
21 1
38 44
24 43 3 27 18 4 28 16 14 32 8 42 29 39 36 16 38 12 9 42 28 29 17 40 31 3 18 37 33 33 12 41 1 44 43 9 20 7
49 38 6 48 11 44 38 24 9 10 31 23 25 11 2 32 11 37 30 14 30 3 20 16 30 12 33 43 31 23 16 51 43 47 0 21 9 21